01 44365027 44368714 gig1b
02 51318667 51319867 gig2a
02 51348035 51349349 gig2a
02 62210494 62212682 gig2b
02 62210701 62217787 gig2b
03 95089459 95092726 gig1b
03 95100560 95107946 gig1b
03 95115341 95117818 gig1b
04 22575110 22595650 gig1a
04 23280742 23282516 gig1b
04 23308678 23310426 gig1b
04 23308871 23360245 gig1b
04 23323428 23358484 gig1b
04 25606770 25609480 gig1b
04 25758225 25761121 gig1b
04 10640740 10645051 gig2c
04 10643128 10694427 gig2c
04 10654486 10654941 gig2c
04 10655039 10656000 gig2c
04 10691727 10700577 gig2c
04 10697645 10698497 gig2
06 5558971 5559951 gig1b
06 39919777 39926303 gig1a
08 17748403 17763863 gig2c
08 17756846 17758809 gig2c
08 17809164 17817939 gig2c
12 34254288 34260490 gig1b
12 25005051 25008474 gig2b
12 25010670 25019742 gig2b
12 35818888 35832255 gig2a
14 37621236 37622729 gig1a
22 56175170 56185998 gig1a
24 33686302 33692744 gig2a
