01 728367 8622116 09 43876033 54564947 color=111,176,162
01 8772079 10501908 09 158964 2061897 color=111,176,162
01 10658065 47087135 09 6449978 43822672 color=111,176,162
01 48705940 76411833 18 4149523 31687496 color=111,176,162
01 49772292 50758138 18 5341324 6357159 color=111,176,162
01 77446933 87594150 28 25832673 36590080 color=111,176,162
01 87595268 95618453 28 13411144 19553635 color=111,176,162
01 95442027 103008331 28 19442533 25485291 color=111,176,162
01 103118093 118883027 18 32128981 49288069 color=148,182,247
01 122264958 134770276 13 90392642 105350088 color=111,176,162
01 134782126 161814515 11 59121895 87817432 color=111,176,162
01 143595620 145467030 09 102449891 104323594 color=148,182,247
01 167532563 173244491 13 106551247 113284459 color=111,176,162
02 24871 21696495 05 72564533 92762982 color=148,182,247
02 21503292 29671299 05 64489250 72737685 color=148,182,247
02 29684327 48024703 05 46902099 64513004 color=148,182,247
02 83320236 88283094 02 87362239 95279564 color=148,182,247
03 53496101 75747156 06 25833875 47666697 color=148,182,247
03 75877590 100961319 06 5817 26212836 color=148,182,247
04 225470 21079259 08 7031190 28678500 color=148,182,247
04 18114789 29849670 08 253324 9351150 color=148,182,247
05 2512807 18677809 09 83571615 102385899 color=111,176,162
05 23196676 46600429 09 55546773 81829908 color=111,176,162
010 4419399 21085580 16 38067336 54344422 color=111,176,162
010 21008911 52065857 23 3965652 33727758 color=111,176,162
010 54827402 58833109 16 54944489 58014645 color=111,176,162
010 72526101 81575377 23 33742538 43445175 color=111,176,162
010 81603152 119794712 16 841231 37920908 color=111,176,162
010 93128353 97990518 17 225809 5078444 color=148,182,247
010 120098914 125347776 23 43686101 49477178 color=111,176,162
11 4841297 58831260 26 5054562 54972832 color=148,182,247
11 76419981 78383962 09 102493174 104323594 color=111,176,162
11 88072794 98666953 04 36421464 44380143 color=111,176,162
11 88175829 89090349 04 43752196 44295844 color=111,176,162
11 100437718 106302220 04 85232429 88440410 color=111,176,162
12 159612 4007731 02 91632417 94973489 color=148,182,247
12 3609136 14719179 02 72439298 84807265 color=148,182,247
12 5534435 7624808 02 80602459 82794802 color=148,182,247
12 13767392 38524212 02 48656214 73448231 color=148,182,247
12 39190726 42677248 22 762958 4315601 color=111,176,162
12 43195453 92092242 22 4717089 52145794 color=111,176,162
12 92337535 101026573 22 52470614 62431266 color=111,176,162
13 909048 11053589 15 100582148 109193770 color=111,176,162
13 11589648 14478455 15 75626308 78025837 color=111,176,162
13 18252581 19967887 03 45855506 47233578 color=111,176,162
13 20208489 29269262 15 60139453 70334678 color=111,176,162
13 29296374 31334001 15 79814013 82287312 color=111,176,162
13 30612141 36477970 15 81244980 87597045 color=111,176,162
13 36489312 45192178 15 87594750 98750040 color=111,176,162
13 45497253 51425736 15 70601406 75288787 color=111,176,162
13 51577420 90266268 04 44616378 83076268 color=111,176,162
14 5051829 20692432 03 6986362 22891633 color=111,176,162
14 21560434 43073540 03 22926090 45126649 color=111,176,162
14 42282428 44583247 03 41077317 42955712 color=111,176,162
14 47265242 53849654 03 2026474 6759205 color=111,176,162
14 56865492 59883625 27 585103 3872029 color=111,176,162
14 59964241 75244477 27 6098702 21143447 color=111,176,162
14 75572114 77959984 27 21085282 22835461 color=111,176,162
14 78239875 98100917 27 23818807 42681089 color=111,176,162
14 91561997 92814258 27 22970996 24057166 color=111,176,162
15 3132044 10242792 24 40898895 48040714 color=111,176,162
15 13669925 24930974 06 84777364 95697157 color=111,176,162
15 25022524 29922635 06 48615045 54387892 color=111,176,162
15 30454859 43918654 06 55196901 68341050 color=111,176,162
15 46750067 60050299 06 70294172 84756829 color=111,176,162
16 21120962 25551946 17 225809 5078444 color=111,176,162
16 58020134 96396868 17 5383427 46284531 color=148,182,247
17 47814087 51587223 07 34018978 37063761 color=148,182,247
17 51351046 87392610 07 36766078 68843525 color=148,182,247
18 50986793 77395425 07 7922621 31127395 color=111,176,162
18 79345481 82443778 07 1579557 5929257 color=111,176,162
19 231898 2950692 19 55472841 57914715 color=111,176,162
19 7715525 14214906 29 27730869 35786477 color=111,176,162
19 17220066 31728627 29 533893 14685608 color=111,176,162
19 36959339 42333004 28 36617030 40279955 color=111,176,162
19 42471540 55270178 28 434918 13270938 color=111,176,162
19 69401813 70909200 29 26165355 27732637 color=111,176,162
19 70875260 74042666 29 23388275 26215669 color=111,176,162
19 74018991 81875252 29 16581492 23478437 color=111,176,162
19 81980938 87221693 29 36574663 41445624 color=111,176,162
19 84106205 87020786 29 38462098 41141756 color=111,176,162
20 1988039 4421648 24 2365512 4576323 color=111,176,162
20 6313226 42731239 24 4619415 38027296 color=111,176,162
20 43594075 89833306 09 110312663 155621466 color=111,176,162
20 85568208 86558578 09 151412910 152367741 color=148,182,247
21 1714551 57740012 25 1172789 53480658 color=111,176,162
23 592642 3510179 03 48493718 52298669 color=148,182,247
